48718
14575
26909
10177
11499
10927
11367
11729
57154
32160
10856
10929
19760
10094
10455
10487
14484
10406
11097
10573
10814
12719
11068
10754
57193
10181
57159
14431
10030
18041
23039
16105
10087
57186
11083
10955
17753
11065
11131
19744
24412
10085
10198
12522
11025
18034
11062
10926
17339
13006
11122
11215
10728
11684
12700
11059
11141
32105
10513
16112
12858
57162
12871
11153
10053
63702
11106
15757
11214
12034
11534
10453
16115
63452
11228
10449
10432
13033
10083
19016
19036
11109
11852
30071
10132
11147
57184
11697
15338
11932
16113
16120
10051
57161
15693
11780
10440
15308
10222
21366
16122
17958
10206
10547
10564
10800
11185
28466
57183
38921
11217
10062
11087
10077
10073
16209
22047
13484
16125
57173
11030
13752
11155
11171
10180
57167
17751
11142
15297
15920
12033
11241
10992
48878
11047
10435
16162
57152
57156
57158
24406
11053
14387
11160
15519
10746
10095
21536
10768
16084
21111
13063
11041
49450
10444
33109
10089
14784
12976
16674
11752
11133
11135
11143
12029
16283
29500
10301
11642
18065
10745
10381
10549
10160
29615
11614
14210

10300
10156
10809
10783
12810
13122
11751
12594
10439
57155
31808
15534
11108
10099
11080
15284
16648
22478
10742
16708
57181
10804
11570
11656
10753
11095
51454
11853
16078
14293
11213
10179
62907
10207
11110
10755
10063
14753
18942
10182
57160
10427
36914
10133
54998
15325
57185
57182
10544
14731
11167
10761
10689
29700
10178
10039
10605
28359
10766
10097
10024
113734
10855
12141
10122
12028
31369
113733
10825
57178
11100
11275
12031
12967
14635
57177
11099
57157
57153
62910
10101
27636
12720
11091
10765
28411
57164
10737
11081
10045
10128
10916
14674
57175
30877
10792
11706
16428
14103
18225
16100
10172
10489
14783
10448
10068
16117
14786
10244
10067
11353
57194
61629
35250
10184
16405
10820
10796
11270
22351
52088
13732
17439
16746
10589
12027
10186
12030
12647
15911
57179
18897
10011
38471
11043
15950
10195
57170
12026
12104
10390
10344
10442
16102
11125
11754
10143
19955
38605
11101
12032
19603
21434
12036
11046
10269
11386
12703
10168
57163
11045
10684
10027
10482
11138
11061
10070
10163
10917
16501
10010
10769
11465
10858
11755
24844
10065
10284
11105
10651
10267
11129
24254
25756
11765
11753
10214
10171
24945
11246
13061
11049
11157
15077
16876
10460
11005
21762
49111
10189
35987
12938
57192
10885
10256
105930
10091
11761
10102
57176
10799
17315
10127
10711
10521
11124
10857
11140
16315
10173
56531
10209
11604
17493
10159
10183
10762
11243
10088
10819
59480
10121
10928
57180
11631
10029
10434
16123
15305
10958
10818
11098
11699
16114
16980
11051
57171
11055
11221
10774
10414
57151
16099
12684
15298
11042
19816
10202
10865
11112
12035
57172
10136
57187
12711
32796
16827
28072
11044
16127
17748
14407
11094
10044
10807
10018
31459
10208
16126
10169
16077
10760
57174
25229
10140
47029
18705
10925
21498
11703
10584
15123
16359
10445
11340
32925
10061
18450
10069
10057
11058
10035
11132
10176
11698
17393
10076
10632
15508
10579
10805
11084
10174
10234
11943
10443
10240
10320
10130
10175
10802
16095
32815
16215
